VARIABLES = "X" "temp" "u" "rho" "H" "H2" "O" "OH" "H2O" "O2" "HO2" "H2O2" "N2"
ZONE I=100 FORMAT=POINT SPECFORMAT=MASS
0.000000000000000000e+00     7.499999999999886313e+02     0.000000000000000000e+00     1.875152559103478334e+00     0.000000000000000000e+00     0.000000000000000000e+00     8.034839642542918259e-16     0.000000000000000000e+00     0.000000000000000000e+00     2.329092179584214550e-01     0.000000000000000000e+00     0.000000000000000000e+00     7.670907820415777678e-01
1.010101010101010187e-02     1.650610042649029310e+03     0.000000000000000000e+00     8.021057167717366987e-01     2.519889548215231200e-09     1.655454896538994741e-07     2.716545286193707021e-06     1.377636435709911518e-04     9.018805371495974832e-02     1.503281296214832585e-01     7.228445278276974515e-07     5.526105362484933099e-08     7.593423903037390676e-01
2.020202020202020374e-02     2.296307674245251292e+03     0.000000000000000000e+00     5.433119802545093302e-01     6.189949908964600280e-06     8.727252158226261045e-05     3.464713965008916325e-04     4.305721643824071514e-03     1.774071779041934416e-01     6.624402588391602176e-02     8.448152412318378108e-06     6.939852897644448456e-07     7.515939985623721897e-01
3.030303030303030387e-02     2.618275284156519774e+03     0.000000000000000000e+00     4.431559675023251099e-01     1.535343172002514277e-04     2.636009783736203028e-03     4.449364201524642491e-04     7.025286333194322337e-03     2.421390296759049210e-01     3.752454317706857036e-03     2.688560155380239828e-06     4.537637524810826456e-07     7.438456068281971145e-01
4.040404040404040747e-02     2.493851096392598265e+03     0.000000000000000000e+00     4.205580735928474145e-01     2.053544342133876977e-04     1.215761429237664781e-02     3.428657243823754854e-05     1.838791369143602398e-03     2.496014129790062042e-01     6.518682433375523654e-05     9.337091595992157314e-08     4.506716858384953011e-08     7.360972150904037115e-01
5.050505050505051108e-02     2.336410895228981644e+03     0.000000000000000000e+00     4.079935773261644805e-01     1.396678260986267638e-04     2.253314616396602868e-02     3.882895553460819788e-06     5.554440304156970775e-04     2.484150084594862751e-01     4.012704475379283526e-06     7.245051749502694526e-09     7.322342214103961368e-09     7.283488233526105304e-01
6.060606060606060774e-02     2.192260535837603584e+03     0.000000000000000000e+00     3.982657662680124111e-01     8.164873785289090274e-05     3.296549844611699337e-02     5.147112204445082394e-07     1.802046176542351828e-04     2.461713348178618532e-01     3.648878227209139973e-07     7.402956252264948407e-10     1.426358916551428989e-09     7.206004316148162392e-01
7.070707070707071829e-02     2.062562831219327109e+03     0.000000000000000000e+00     3.903647713974371936e-01     4.452917374138204659e-05     4.339286865318477127e-02     7.289991494198845417e-08     6.022626071563130340e-05     2.436502233859018929e-01     3.936241685576595516e-08     8.540771753497217169e-11     3.016984814208962737e-10     7.128520398770182842e-01
8.080808080808081495e-02     1.946189043829491084e+03     0.000000000000000000e+00     3.837739099831471989e-01     2.334025619432856586e-05     5.380914655805744268e-02     1.070492523931046975e-08     2.045339437207100935e-05     2.410433961979529249e-01     4.671758918579676452e-09     1.055427852369540096e-11     6.695738995373914847e-11     7.051036481392273236e-01
9.090909090909091161e-02     1.841639792095483926e+03     0.000000000000000000e+00     3.781664628982637222e-01     1.192991134812460108e-05     6.421721754000270233e-02     1.609503119367136228e-09     7.019191316254734053e-06     2.384085747398502209e-01     5.898271608379816098e-10     1.364737614131255031e-12     1.535430869282871556e-11     6.973552564014333655e-01
1.010101010101010222e-01     1.747415864967789503e+03     0.000000000000000000e+00     3.733252564003224916e-01     5.993654033108401911e-06     7.462033991991795512e-02     2.461096139151227782e-10     2.426911942100773966e-06     2.357643745227876730e-01     7.778100316908378786e-11     1.823016878252053262e-13     3.606929952793125822e-12     6.896068646636392963e-01
1.111111111111111188e-01     1.662151996550168860e+03     0.000000000000000000e+00     3.691005363331322231e-01     2.973502364144260818e-06     8.502072474104248323e-02     3.810167643847747710e-11     8.436823563546526072e-07     2.331169850941306187e-01     1.059118833661288643e-11     2.494920084052491974e-14     8.630925693162510517e-13     6.818584729305253722e-01
1.212121212121212155e-01     1.584659491859951459e+03     0.000000000000000000e+00     3.653848057279399653e-01     1.460733818474243699e-06     9.541966349258003410e-02     5.952029206728498317e-12     2.944218531888957162e-07     2.304685001518652354e-01     1.477393115923472160e-12     3.477542949359789641e-15     2.095026683409624351e-13     6.741100811922405844e-01
1.313131313131313260e-01     1.513925728919210769e+03     0.000000000000000000e+00     3.620977383291581475e-01     7.117903019102279345e-07     1.058178596329891058e-01     9.356618682215989452e-13     1.030059711000573849e-07     2.278196361157654726e-01     2.098966661883283371e-13     4.914613362413542410e-16     5.142194805830702527e-14     6.663616894537749413e-01
1.414141414141414366e-01     1.449095808613222971e+03     0.000000000000000000e+00     3.591771294893346678e-01     3.444284980043702917e-07     1.162156815715169184e-01     1.476918095244630237e-13     3.609030818351351272e-08     2.251706401942390190e-01     3.023838970234613735e-14     7.017589722327171135e-17     1.273030179731500686e-14     6.586132977152469037e-01
1.515151515151515194e-01     1.389449233691968402e+03     0.000000000000000000e+00     3.565733851962405443e-01     1.656308855404326322e-07     1.266133175227228957e-01     2.336711910886804644e-14     1.265235908877664641e-08     2.225215982166880713e-01     4.402192041849556451e-15     1.009634239033946798e-17     3.172348649629315654e-15     6.508649059773135015e-01
1.616161616161616299e-01     1.334377371756627781e+03     0.000000000000000000e+00     3.542460635006343117e-01     7.919720914264861499e-08     1.370108620122663934e-01     3.700287192838088562e-15     4.434967380148348589e-09     2.198725401165586568e-01     6.458971180539184357e-16     1.460332933084646756e-18     7.944420207591986294e-16     6.431165142389932976e-01
1.717171717171717404e-01     1.283363804532980566e+03     0.000000000000000000e+00     3.521616158832331367e-01     3.766804749494395161e-08     1.474083619135539425e-01     5.857767556294917911e-16     1.553419515197519572e-09     2.172234763641984756e-01     9.530230755585135862e-17     2.119675270135038734e-19     1.996637075462160297e-16     6.353681225007795641e-01
1.818181818181818232e-01     1.235967975579448876e+03     0.000000000000000000e+00     3.502918469911139865e-01     1.782616460209047712e-08     1.578058402385657533e-01     9.261304629377483719e-17     5.434423177108125331e-10     2.145744106294218134e-01     1.411658809698693592e-17     3.083026375658506396e-20     5.030485984392190912e-17     6.276197307624052923e-01
1.919191919191919338e-01     1.191811876341502057e+03     0.000000000000000000e+00     3.486128190808308602e-01     8.395813075767857629e-09     1.682033081907108041e-01     1.461187454727413773e-17     1.898052376160330404e-10     2.119253441989959741e-01     2.096142610655578009e-18     4.487953864295522737e-21     1.269384893768001330e-17     6.198713390246748389e-01
2.020202020202020443e-01     1.150569299825264352e+03     0.000000000000000000e+00     3.471040433681912285e-01     3.936098647436576865e-09     1.786007711859886049e-01     2.299019021307943697e-18     6.616161741064668435e-11     2.092762775251235108e-01     3.116468070628737205e-19     6.531965940419150029e-22     3.205619356009805055e-18     6.121229472866276389e-01
2.121212121212121271e-01     1.111957181561831931e+03     0.000000000000000000e+00     3.457478643793844841e-01     1.837092894326160976e-09     1.889982318253156379e-01     3.605273645225027125e-19     2.301039193540414442e-11     2.066272107659601065e-01     4.634746124460621069e-20     9.497191961598045982e-23     8.096172817523086253e-19     6.043745555486209620e-01
2.222222222222222376e-01     1.075728604250695071e+03     0.000000000000000000e+00     3.445289800939234093e-01     8.537105150214936271e-10     1.993956913506728379e-01     5.632314735226989831e-20     7.982845467573977843e-12     2.039781439769645932e-01     6.888877985840683654e-21     1.378446543343683752e-23     2.043864498713002861e-19     5.966261638106692411e-01
2.323232323232323482e-01     1.041667121705644377e+03     0.000000000000000000e+00     3.434340605565199822e-01     3.950466226615752512e-10     2.097931503518834229e-01     8.762198819879604676e-21     2.761966521036283192e-12     2.013290771775571308e-01     1.022638291071536959e-21     1.996002345232046691e-24     5.154872121361369198e-20     5.888777720727509379e-01
2.424242424242424310e-01     1.009582126483534807e+03     0.000000000000000000e+00     3.424514404617863272e-01     1.820460769341819992e-10     2.201906091076622496e-01     1.356956957397682514e-21     9.528613382372990437e-13     1.986800103745617330e-01     1.515241701236164192e-22     2.881896885887815786e-25     1.298355591658295075e-20     5.811293803347771236e-01
2.525252525252525415e-01     9.793058797562921427e+02     0.000000000000000000e+00     3.415705777152072686e-01     8.355097309402652282e-11     2.305880677489101083e-01     2.091413640310644412e-22     3.277480689590666564e-13     1.960309435702042302e-01     2.239872100448126452e-23     4.147325371210903137e-26     3.264674915305040155e-21     5.733809885970068132e-01
2.626262626262626521e-01     9.506965226123534194e+02     0.000000000000000000e+00     3.407796008030740675e-01     3.820210806580417898e-11     2.409855263370774547e-01     3.208837407173382616e-23     1.124135902149950606e-13     1.933818767654600645e-01     3.303468687065010881e-24     5.949448707750332857e-27     8.195320437443196421e-22     5.656325968591479070e-01
2.727272727272727626e-01     9.236309192363029297e+02     0.000000000000000000e+00     3.400664697214177412e-01     1.740888623270316832e-11     2.513829849006950501e-01     4.904002194805607423e-24     3.846104916993603266e-14     1.907328099605545002e-01     4.862995556802167003e-25     8.511617399747768682e-28     2.054489204829837901e-22     5.578842051213031006e-01
2.828282828282828731e-01     8.979970674227830614e+02     0.000000000000000000e+00     3.394207506046153511e-01     7.909911734997684500e-12     2.617804434530149327e-01     7.469626987546204714e-25     1.313091831445303017e-14     1.880837431555926198e-01     7.148295758939048385e-26     1.215002103630389489e-28     5.144930640363419483e-23     5.501358133834692854e-01
2.929292929292929282e-01     8.736927485368521502e+02     0.000000000000000000e+00     3.388334463470586422e-01     3.584629591411053328e-12     2.721779020001561800e-01     1.134558041771548515e-25     4.474858774436989704e-15     1.854346763506089513e-01     1.049628265113104412e-26     1.731267669094306640e-29     1.287395213519467330e-23     5.423874216456459063e-01
3.030303030303030387e-01     8.506244372001060583e+02     0.000000000000000000e+00     3.382968299902858189e-01     1.620799262483037646e-12     2.825753605449365935e-01     1.719286921187168311e-26     1.522651815930745694e-15     1.827856095456078245e-01     1.540133576079790403e-27     2.463489970892308798e-30     3.219655759948762072e-24     5.346390299078332964e-01
3.131313131313131493e-01     8.287064081720616286e+02     0.000000000000000000e+00     3.378042830791743723e-01     7.313954731190599562e-13     2.929728190886359274e-01     2.600497729370808254e-27     5.174553060127827102e-16     1.801365427406110276e-01     2.258968573498786316e-28     3.501834803524208112e-31     8.049489936541676887e-25     5.268906381700213526e-01
3.232323232323232598e-01     8.078599803970375888e+02     0.000000000000000000e+00     3.373501461970562776e-01     3.294771891101142999e-13     3.033702776317452332e-01     3.927550779702029967e-28     1.756697496382827448e-16     1.774874759355428711e-01     3.312932572762449501e-29     4.974374274219969989e-32     2.012203637513870316e-25     5.191422464323821595e-01
3.333333333333333703e-01     7.880128630921691411e+02     0.000000000000000000e+00     3.369295839018047189e-01     1.481997728568595089e-13     3.137677361733430814e-01     5.925075547285133723e-29     5.958835067370376606e-17     1.748384091297521536e-01     4.859259153683792390e-30     7.063173632247890006e-33     5.030262876092062352e-26     5.113938546967565779e-01
3.434343434343434809e-01     7.690985788662495679e+02     0.000000000000000000e+00     3.365384652907980612e-01     6.657421538962355610e-14     3.241651947177294768e-01     8.931046718792520087e-30     2.019958777394909541e-17     1.721893423255967670e-01     7.129689245415487019e-31     1.002726539592082655e-33     1.257717368482481742e-26     5.036454629566071706e-01
3.535353535353535914e-01     7.510559480319303702e+02     0.000000000000000000e+00     3.361732601270717158e-01     2.987290282326487541e-14     3.345626532605685544e-01     1.345421918701170058e-30     6.843937068221277222e-18     1.695402755205868695e-01     1.046615005277383675e-31     1.423548031314736770e-34     3.145547873720373939e-27     4.958970712188145447e-01
3.636363636363636465e-01     7.338286252360652497e+02     0.000000000000000000e+00     3.358309484324783489e-01     1.339147972028718844e-14     3.449601118033933100e-01     2.026081816617484866e-31     2.317968745335969054e-18     1.668912087155777491e-01     1.537368512632326167e-32     2.021339441610260335e-35     7.869868849115601893e-28     4.881486794810155905e-01
3.737373737373737570e-01     7.173646783395557804e+02     0.000000000000000000e+00     3.355089437277473663e-01     5.998157207435500895e-15     3.553575703462040769e-01     3.050545815531523956e-32     7.848632944177897052e-19     1.642421419105728198e-01     2.259904151904777936e-33     2.871049417301352095e-36     1.969811310845662913e-28     4.804002877432170249e-01
3.838383838383838675e-01     7.016162068946536010e+02     0.000000000000000000e+00     3.352050270701015244e-01     2.684701721119183498e-15     3.657550288890130674e-01     4.592897093967690129e-33     2.657077520693105955e-19     1.615930751055612291e-01     3.324744762942043068e-34     4.079631753020325631e-37     4.932733088763423087e-29     4.726518960054230667e-01
3.939393939393939781e-01     6.865389945775233400e+02     0.000000000000000000e+00     3.349172911786142404e-01     1.200901161636186499e-15     3.761524874318177836e-01     6.915749631042132911e-34     8.994356014664090187e-20     1.589440083005549120e-01     4.895626780806566332e-35     5.799812703483216401e-38     1.235860064517065322e-29     4.649035042676260554e-01
4.040404040404040886e-01     6.720921929518592606e+02     0.000000000000000000e+00     3.346440929585290935e-01     5.368954895707004468e-16     3.865499459746224997e-01     1.041549043815281966e-34     3.044509120489698734e-20     1.562949414955441541e-01     7.215341325287519749e-36     8.249813073120442997e-39     3.097963736857222670e-30     4.571551125298328189e-01
4.141414141414141992e-01     6.582380320566458067e+02     0.000000000000000000e+00     3.343840140281336137e-01     2.399255968688131510e-16     3.969474045174266608e-01     1.569074603443147228e-35     1.030542982985846950e-20     1.536458746905387529e-01     1.064420936544235373e-36     1.174160695295672499e-39     7.769801915991761200e-31     4.494067207920342533e-01
4.242424242424242542e-01     6.449415599806765158e+02     0.000000000000000000e+00     3.341358258492996280e-01     1.071757053507071417e-16     4.073448630602295450e-01     2.364604949652985592e-36     3.488447035302355748e-21     1.509968078855295770e-01     1.571740437569889298e-37     1.672142743349739768e-40     1.949695419166110572e-31     4.416583290542408502e-01
4.343434343434343647e-01     6.321704019693984264e+02     0.000000000000000000e+00     3.338984620937830994e-01     4.786011185844373960e-17     4.177423216030330400e-01     3.564885690710799145e-37     1.180937058194466487e-21     1.483477410805177921e-01     2.323038584167135633e-38     2.382782525514678253e-41     4.894849717122631416e-32     4.339099373164491125e-01
4.444444444444444753e-01     6.198945434738307085e+02     0.000000000000000000e+00     3.336709942331543277e-01     2.136632785693923541e-17     4.281397801458337593e-01     5.376747074594970902e-38     3.998137702999306661e-22     1.456986742755118636e-01     3.436628815760353468e-39     3.397490322509172435e-42     1.229466756683081746e-32     4.261615455786544326e-01
4.545454545454545858e-01     6.080861320884960151e+02     0.000000000000000000e+00     3.334526112171119494e-01     9.536370800651078918e-18     4.385372386886420282e-01     8.113167469254348814e-39     1.353722813002857611e-22     1.430496074704955267e-01     5.088592452716941180e-40     4.847163829127562322e-43     3.089477968200940663e-33     4.184131538408624729e-01
4.646464646464646964e-01     5.967192973070606286e+02     0.000000000000000000e+00     3.332426023246595204e-01     4.255485118446492526e-18     4.489346972314398054e-01     1.224795322648262080e-39     4.584000001105649073e-23     1.404005406654921240e-01     7.541125092323678388e-41     6.919292486118735846e-44     7.766542452054522357e-34     4.106647621030681816e-01
4.747474747474748069e-01     5.857699865283938152e+02     0.000000000000000000e+00     3.330403426694644731e-01     1.898633376108658619e-18     4.593321557742425232e-01     1.849866584976164439e-40     1.552393322316667973e-23     1.377514738604872779e-01     1.118483275046327289e-41     9.882471853070031549e-45     1.953105816726449866e-34     4.029163703652701711e-01
4.848484848484848619e-01     5.752158158351567181e+02     0.000000000000000000e+00     3.328452809390547440e-01     8.469751160423307421e-19     4.697296143170487936e-01     2.795241488394278811e-41     5.257732898825286300e-24     1.351024070554713574e-01     1.660184708103833928e-42     1.412152947885035958e-45     4.913131344051015636e-35     3.951679786274798212e-01
4.949494949494949725e-01     5.650359344840644553e+02     0.000000000000000000e+00     3.326569288402421165e-01     3.777873532291848472e-19     4.801270728598497350e-01     4.225670693557353731e-42     1.780862131662136850e-24     1.324533402504668167e-01     2.466000687288033491e-43     2.018783967176082729e-46     1.236240200268227388e-35     3.874195868896834205e-01
5.050505050505050830e-01     5.552108999171697405e+02     0.000000000000000000e+00     3.324748531001498475e-01     1.684921228560944131e-19     4.905245314026490111e-01     6.390901043975015565e-43     6.032409405595515310e-25     1.298042734454574465e-01     3.665337167428957402e-44     2.887135559106806055e-47     3.111249942130044048e-36     3.796711951518936812e-01
5.151515151515152491e-01     5.457225675637312179e+02     0.000000000000000000e+00     3.322986666003525658e-01     7.514051504685152606e-20     5.009219899454289138e-01     9.669617491487539579e-44     2.043489011950709526e-25     1.271552066404432468e-01     5.451184712357682017e-45     4.130370203002357370e-48     7.831207983697172064e-37     3.719228034141279782e-01
5.252525252525253041e-01     5.365539863552027100e+02     0.000000000000000000e+00     3.321280231795842308e-01     3.350710680256571335e-20     5.113194484843061050e-01     1.463611750195274853e-44     6.922543039489784823e-26     1.245061398345132242e-01     8.111377012461824093e-46     5.910558921859086661e-49     1.971320728631510500e-37     3.641744116811805876e-01
5.353535353535353591e-01     5.276893058400498830e+02     0.000000000000000000e+00     3.319626117560813272e-01     1.494076165902022175e-20     5.217169070274241260e-01     2.216148063135821621e-45     2.345095337250212644e-26     1.218570730295650689e-01     1.207518748316568972e-46     8.459747911154393520e-50     4.962403102965780404e-38     3.564260199430107634e-01
5.454545454545455252e-01     5.191136909172906826e+02     0.000000000000000000e+00     3.318021519074112469e-01     6.661708102510997423e-21     5.321143655709036357e-01     3.356705948053851307e-46     7.944110624290631342e-27     1.192080062247404676e-01     1.798275168787942743e-47     1.211003679203150771e-50     1.249117474018391399e-38     3.486776282043558828e-01
5.555555555555555802e-01     5.108132440211796848e+02     0.000000000000000000e+00     3.316463898187890780e-01     2.970152814934831711e-21     5.425118241142541375e-01     5.085731168891849881e-47     2.690960786496233297e-27     1.165589394198762868e-01     2.678843120137030653e-48     1.733648122372834796e-51     3.143837012905806276e-39     3.409292364658697561e-01
5.656565656565657463e-01     5.027749340564669751e+02     0.000000000000000000e+00     3.314950949341162745e-01     1.324204237496017246e-21     5.529092826575194852e-01     7.707290179975811410e-48     9.114504679311669022e-28     1.139098726149926633e-01     3.991459554304098365e-49     2.481821908345768793e-52     7.910974136707956185e-40     3.331808447274877683e-01
5.757575757575758013e-01     4.949865314514095189e+02     0.000000000000000000e+00     3.313480570809066439e-01     5.903590705073921836e-22     5.633067412007022323e-01     1.168260357306984939e-48     3.086794185340398577e-28     1.112608058100847119e-01     5.948020943867504994e-50     3.552545079480465756e-53     1.990120961469029501e-40     3.254324529892131390e-01
5.858585858585858563e-01     4.874365487623799140e+02     0.000000000000000000e+00     3.312050839927283552e-01     2.631868757080431346e-22     5.737041997438278029e-01     1.771117709979845054e-49     1.045238570612570353e-28     1.086117390051316856e-01     8.864026065339425062e-51     5.084303356777574897e-54     5.004647502207823669e-41     3.176840612510405393e-01
5.959595959595960224e-01     4.801141863103309220e+02     0.000000000000000000e+00     3.310659991771028876e-01     1.173275939687846942e-22     5.841016582868754359e-01     2.685370166591048961e-50     3.538665786070518671e-29     1.059626722001967558e-01     1.320891741842940091e-51     7.274582342239034618e-55     1.257984938317479958e-41     3.099356695129277806e-01
6.060606060606060774e-01     4.730092823810008440e+02     0.000000000000000000e+00     3.309306400777455859e-01     5.230279825207370676e-23     5.944991168298919826e-01     4.071812676487486724e-51     1.197738945691978009e-29     1.033136053952218303e-01     1.968064272538611962e-52     1.040469913830549832e-55     3.160436558490627041e-42     3.021872777748863537e-01
6.161616161616162435e-01     4.661122675685968488e+02     0.000000000000000000e+00     3.307988564870102399e-01     2.331519666692395282e-23     6.048965753728610117e-01     6.174120454909611775e-52     4.052885293890139694e-30     1.006645385902517065e-01     2.931591988503343228e-53     1.487489921533047161e-56     7.935025751421479579e-43     2.944388860368871708e-01
6.262626262626262985e-01     4.594141228818467653e+02     0.000000000000000000e+00     3.306705091720743006e-01     1.039304854860671751e-23     6.152940339158003979e-01     9.361418317596892814e-53     1.370963159594373168e-30     9.801547178526595627e-02     4.365302011402503999e-54     2.125385352850911689e-57     1.990843671262258353e-43     2.866904942989337846e-01
6.363636363636364646e-01     4.529063415338699770e+02     0.000000000000000000e+00     3.305454684907300211e-01     4.632726399742973510e-24     6.256914924587102522e-01     1.419259367719288729e-53     4.635804698827860579e-31     9.536640498027655621e-02     6.497162162218230104e-55     3.034829674332161037e-58     4.990789342686070909e-44     2.789421025610132610e-01
6.464646464646465196e-01     4.465808924090033543e+02     0.000000000000000000e+00     3.304236142073853078e-01     2.064999933170276327e-24     6.360889510016052295e-01     2.151336136372211955e-54     1.566893312568677547e-31     9.271733817528080013e-02     9.664541931384993720e-56     4.330072069606664152e-59     1.249964549355053129e-44     2.711937108231140536e-01
6.565656565656565746e-01     4.404301894942137210e+02     0.000000000000000000e+00     3.303048331625977330e-01     9.204345074434277590e-25     6.464864095444760039e-01     3.260262799999377403e-55     5.293516575959059235e-32     9.006827137028504404e-02     1.436593339324729612e-56     6.172605935397492687e-60     3.127324249692878907e-45     2.634453190852389937e-01
6.666666666666667407e-01     4.344470604308743305e+02     0.000000000000000000e+00     3.301890195660513450e-01     4.102558766027501084e-25     6.568838680873332336e-01     4.939289856028809394e-56     1.787366226665704993e-32     8.741920456528297356e-02     2.133659282124475121e-57     8.790221258993460027e-61     7.815235020423777538e-46     2.556969273473836957e-01
6.767676767676767957e-01     4.286247193411124954e+02     0.000000000000000000e+00     3.300760739954101131e-01     1.828543475163872703e-25     6.672813266301726998e-01     7.480176910834608326e-57     6.031414739483613224e-33     8.477013776028460845e-02     3.165884055993006683e-58     1.250346759329974815e-61     1.950511994583780519e-46     2.479485356095426640e-01
6.868686868686869618e-01     4.229567413630086889e+02     0.000000000000000000e+00     3.299659027923493859e-01     8.149739526721365287e-26     6.776787851730080581e-01     1.132297333633182243e-57     2.033906690675346360e-33     8.212107095528044243e-02     4.692234005946020835e-59     1.776225199575814876e-62     4.861072378802461488e-47     2.402001438717113468e-01
6.969696969696970168e-01     4.174370391418906365e+02     0.000000000000000000e+00     3.298584175316645051e-01     3.632197388202237098e-26     6.880762437158366440e-01     1.713064897334102047e-58     6.853563340573074665e-34     7.947200415027248777e-02     6.945610228190338752e-60     2.519621283413175365e-63     1.209559303516349632e-47     2.324517521338909654e-01
7.070707070707071829e-01     4.120598411085603630e+02     0.000000000000000000e+00     3.297535345536606877e-01     1.618757083491041770e-26     6.984737022586600119e-01     2.590076825958950970e-59     2.307491156007970532e-34     7.682293734526390860e-02     1.026628454258306171e-60     3.568368053425513899e-64     3.004437884935632176e-48     2.247033603960761905e-01
7.171717171717172379e-01     4.068196713915445457e+02     0.000000000000000000e+00     3.296511745511803704e-01     7.214058283877402012e-27     7.088711608014791610e-01     3.913223894146821322e-60     7.761816272120833824e-35     7.417387054025685600e-02     1.514984804186071901e-61     5.044550237938463523e-65     7.448408354852703232e-49     2.169549686582640802e-01
7.272727272727272929e-01     4.017113312244500207e+02     0.000000000000000000e+00     3.295512622041515960e-01     3.214863159129677045e-27     7.192686193442935361e-01     5.907369902228442652e-61     2.608220193381297027e-35     7.152480373524597312e-02     2.231558331750392869e-62     7.117179349705222280e-66     1.842654883084713021e-49     2.092065769204602133e-01
7.373737373737374590e-01     3.967298817222171010e+02     0.000000000000000000e+00     3.294537258557554971e-01     1.432614488856307213e-27     7.296660778871050246e-01     8.909250638444254464e-62     8.754602825668315392e-36     6.887573693023979482e-02     3.280332922549180982e-63     1.001917651480961965e-66     4.547918321096727655e-50     2.014581851826553471e-01
7.474747474747475140e-01     3.918706279128319920e+02     0.000000000000000000e+00     3.293584972242881159e-01     6.383800182466957573e-28     7.400635364299128494e-01     1.342211984799581890e-62     2.934869767653931829e-36     6.622667012523143770e-02     4.810968646642691487e-64     1.406990839033379850e-67     1.119612449920841151e-50     1.937097934448558656e-01
7.575757575757576801e-01     3.871291039211843668e+02     0.000000000000000000e+00     3.292655111457843953e-01     2.844535818556541111e-28     7.504609949727180096e-01     2.019639304043922880e-63     9.825274051064371638e-37     6.357760332022353855e-02     7.037787340402507055e-65     1.970475051588175273e-68     2.748503391249725947e-51     1.859614017070583547e-01
7.676767676767677351e-01     3.825010592102545957e+02     0.000000000000000000e+00     3.291747053439038062e-01     1.267432298494876561e-28     7.608584535155259454e-01     3.034817685985582493e-64     3.284283338478428492e-37     6.092853651521217689e-02     1.026596454401402202e-65     2.751333455341811308e-69     6.726238547731538092e-52     1.782130099692620373e-01
7.777777777777777901e-01     3.779824457939396325e+02     0.000000000000000000e+00     3.290860202235966203e-01     5.647008388976790042e-29     7.712559120583332151e-01     4.553266872276544381e-65     1.095987305566048749e-37     5.827946971020185607e-02     1.492721903673148373e-66     3.828818811044452699e-70     1.640416296194666839e-52     1.704646182314648595e-01
7.878787878787879562e-01     3.735694063434227701e+02     0.000000000000000000e+00     3.289993986857064900e-01     2.515888845425744791e-29     7.816533706011297156e-01     6.819644668362955649e-66     3.650555710442311684e-38     5.563040290520009090e-02     2.162771635848335378e-67     5.308525658761721512e-71     3.985488883543239161e-53     1.627162264936701241e-01
7.979797979797980112e-01     3.692582631159950779e+02     0.000000000000000000e+00     3.289147859599192425e-01     1.120838076063433484e-29     7.920508291439382065e-01     1.019421885170818339e-66     1.213415322794098827e-38     5.298133610018362916e-02     3.121116869385537877e-68     7.329707521495982880e-72     9.642121120215292277e-54     1.549678347558780533e-01
8.080808080808081773e-01     3.650455076415893245e+02     0.000000000000000000e+00     3.288321294538449346e-01     4.993117333322920155e-30     8.024482876867443659e-01     1.520518936714249519e-67     4.023945543086739677e-39     5.033226929517340548e-02     4.483996755405118506e-69     1.007377753256093569e-72     2.321763523062438527e-54     1.472194430180821523e-01
8.181818181818182323e-01     3.609277911080681065e+02     0.000000000000000000e+00     3.287513786171484820e-01     2.224217242943507145e-30     8.128457462268399158e-01     2.262305537200715660e-68     1.330961841580183796e-39     4.768320249333857230e-02     6.409618347990274920e-70     1.377361175865760287e-73     5.561297815624021100e-55     1.394710512798215396e-01
8.282828282828283983e-01     3.569019153894845999e+02     0.000000000000000000e+00     3.286724848139227495e-01     9.907366894971010712e-31     8.232432047702531452e-01     3.356511186151375738e-69     4.389435637878182886e-40     4.503413568759187524e-02     9.110166641077400620e-71     1.872275555561492291e-74     1.324235701238426962e-55     1.317226595421548685e-01
8.383838383838384534e-01     3.529648246727498986e+02     0.000000000000000000e+00     3.285954012153061710e-01     4.412797391502096980e-31     8.336406633135794442e-01     4.964017715216873737e-70     1.442829570727907070e-40     4.238506888195416739e-02     1.286510983562496734e-71     2.528278495598231408e-75     3.132230073291475551e-56     1.239742678044662844e-01
8.484848484848485084e-01     3.491135976308520412e+02     0.000000000000000000e+00     3.285200826923683204e-01     1.965366400700445909e-31     8.440381218568168142e-01     7.314531419460023643e-71     4.724837552782659847e-41     3.973600207643406684e-02     1.803418823554582378e-72     3.388575354724711397e-76     7.352695355282448575e-57     1.162258760667490842e-01
8.585858585858586745e-01     3.453454401065461639e+02     0.000000000000000000e+00     3.284464857228270307e-01     8.752779309023574487e-32     8.544355803999662546e-01     1.073265391851026802e-71     1.540587120491230432e-41     3.708693527102553678e-02     2.506675996126511492e-73     4.502668990316245185e-77     1.711074824671056062e-57     1.084774843290081947e-01
8.686868686868687295e-01     3.416576785403566987e+02     0.000000000000000000e+00     3.283745680412709089e-01     3.897808488188416170e-32     8.648330389430247678e-01     1.567121312628552951e-72     4.998308935889642401e-42     3.443786846571759985e-02     3.450139910004802490e-74     5.923833861989020535e-78     3.942227130832017178e-58     1.007290925912576324e-01
8.787878787878788955e-01     3.380477523912941820e+02     0.000000000000000000e+00     3.283042896815845935e-01     1.735666047310106325e-32     8.752304974860232178e-01     2.275157127065821245e-73     1.612271848450639058e-42     3.178880166048890510e-02     4.694534663901921914e-75     7.703658936030740886e-79     8.977330907993896791e-59     9.298070085348766889e-02
8.888888888888889506e-01     3.345132100129807213e+02     0.000000000000000000e+00     3.282356111022932676e-01     7.728268250628579681e-33     8.856279560289571640e-01     3.280795614017954249e-74     5.165112913277064354e-43     2.913973485533324567e-02     6.301739915508138369e-76     9.882076151194925786e-80     2.016427931282759324e-59     8.523230911570972568e-02
8.989898989898991166e-01     3.310517016697178860e+02     0.000000000000000000e+00     3.281684944108061996e-01     3.440865816489837746e-33     8.960254145718479224e-01     4.692703454191527734e-75     1.641221415140612860e-43     2.649066805022471868e-02     8.322965506562468275e-77     1.247081421612945579e-80     4.455411513268559017e-60     7.748391737792749423e-02
9.090909090909091717e-01     3.276609746216897179e+02     0.000000000000000000e+00     3.281029029510363904e-01     1.531870351597910581e-33     9.064228731147082607e-01     6.646262524554918641e-76     5.163412711660866944e-44     2.384160124515188536e-02     1.077747976146104924e-77     1.542799723705841772e-81     9.650204066509534739e-61     6.973552564013980881e-02
9.191919191919192267e-01     3.243388681658782389e+02     0.000000000000000000e+00     3.280388012452001290e-01     6.819369536935248038e-34     9.168203316575422868e-01     9.298378286910662158e-77     1.604559592294279560e-44     2.119253444010961787e-02     1.361791954531490786e-78     1.862199437083061117e-82     2.039218226048450762e-61     6.198713390234820986e-02
9.292929292929293927e-01     3.210833089776124325e+02     0.000000000000000000e+00     3.279761549397457454e-01     3.035523598291150602e-34     9.272177902003629901e-01     1.280746374405037463e-77     4.908820584922421691e-45     1.854346763508189430e-02     1.667875134655623981e-79     2.178463774016644691e-83     4.176151447120742653e-62     5.423874216455491781e-02
9.393939393939394478e-01     3.178923067318676772e+02     0.000000000000000000e+00     3.279149307549055203e-01     1.351106014136198853e-34     9.376152487431743676e-01     1.728324335356739874e-78     1.471237422045451813e-45     1.589440083006199780e-02     1.960823330826643723e-80     2.445939722649820931e-84     8.208031162100831411e-63     4.649035042676363111e-02
9.494949494949496138e-01     3.147639499849098002e+02     0.000000000000000000e+00     3.278550964376085730e-01     6.013273210917652249e-35     9.480127072859854120e-01     2.267824579626093564e-79     4.287365805212613069e-46     1.324533402504577892e-02     2.179567361727267432e-81     2.596258539072723770e-85     1.525065920850110940e-63     3.874195868896872230e-02
9.595959595959596689e-01     3.116964022985112592e+02     0.000000000000000000e+00     3.277966207174713431e-01     2.676069752193504294e-35     9.584101658287874637e-01     2.857045289996688293e-80     1.199509636167241862e-46     1.059626722003654056e-02     2.233389912064271653e-82     2.540172447482109478e-86     2.611755296617217703e-64     3.099356695117606170e-02
9.696969696969697239e-01     3.086878985902764043e+02     0.000000000000000000e+00     3.277394732655064535e-01     1.190825736647701092e-35     9.688076243715929570e-01     3.374769190626523642e-81     3.146444253171118684e-47     7.947200415028683046e-03     2.011942839262379124e-83     2.184674311141134809e-87     3.931577339642254291e-65     2.324517521337842937e-02
9.797979797979798899e-01     3.057367416949164749e+02     0.000000000000000000e+00     3.276836246553880838e-01     5.298617991637696316e-36     9.792050829143913449e-01     3.543744644716847416e-82     7.336912509270633014e-48     5.298133610018447223e-03     1.432420256974791546e-84     1.484793551064240797e-88     4.676708480326594490e-66     1.549678347559019578e-02
9.898989898989899450e-01     3.028412991224246298e+02     0.000000000000000000e+00     3.276290463274001974e-01     2.357436286543297217e-36     9.896025414564266764e-01     2.791142246239705594e-83     1.283202468013291478e-48     2.649066805774522027e-03     5.737876905260392270e-86     5.677070175666066644e-90     3.129513783991029513e-67     7.748391737798823210e-03
1.000000000000000000e+00     3.000000000000092655e+02     0.000000000000000000e+00     3.275757105520992196e-01     1.048768499776773125e-36     1.000000000000000000e+00     0.000000000000000000e+00     0.000000000000000000e+00     0.000000000000000000e+00     0.000000000000000000e+00     0.000000000000000000e+00     0.000000000000000000e+00     0.000000000000000000e+00
